{
 "cells": [
  {
   "cell_type": "markdown",
   "metadata": {},
   "source": [
    "# Problem2\n",
    "\n",
    "## Gaussian Mixture Models"
   ]
  },
  {
   "cell_type": "code",
   "execution_count": 81,
   "metadata": {},
   "outputs": [],
   "source": [
    "import pandas as pd\n",
    "import numpy as np\n",
    "from matplotlib import pyplot as plt\n",
    "from scipy.stats import multivariate_normal, norm\n"
   ]
  },
  {
   "cell_type": "markdown",
   "metadata": {},
   "source": [
    "### Find the parameters of GMM associated with the customer-dataset, using the EM method. Vary the number of components, and observe the results. Implement GMM in a class which has the routines to fit data (e.g. gmm.fit(data, number of clusters)), a routine to obtain the parameters, a routine to calculate the likelihoods for a given set of samples and a routine to obtain the membership values of data samples"
   ]
  },
  {
   "cell_type": "code",
   "execution_count": 45,
   "metadata": {},
   "outputs": [
    {
     "data": {
      "text/html": [
       "<div>\n",
       "<style scoped>\n",
       "    .dataframe tbody tr th:only-of-type {\n",
       "        vertical-align: middle;\n",
       "    }\n",
       "\n",
       "    .dataframe tbody tr th {\n",
       "        vertical-align: top;\n",
       "    }\n",
       "\n",
       "    .dataframe thead th {\n",
       "        text-align: right;\n",
       "    }\n",
       "</style>\n",
       "<table border=\"1\" class=\"dataframe\">\n",
       "  <thead>\n",
       "    <tr style=\"text-align: right;\">\n",
       "      <th></th>\n",
       "      <th>Index</th>\n",
       "      <th>Gender</th>\n",
       "      <th>Marital status</th>\n",
       "      <th>Age</th>\n",
       "      <th>Education</th>\n",
       "      <th>Income</th>\n",
       "      <th>Occupation</th>\n",
       "      <th>Settlement size</th>\n",
       "    </tr>\n",
       "  </thead>\n",
       "  <tbody>\n",
       "    <tr>\n",
       "      <th>0</th>\n",
       "      <td>0</td>\n",
       "      <td>0</td>\n",
       "      <td>0</td>\n",
       "      <td>67</td>\n",
       "      <td>2</td>\n",
       "      <td>124670</td>\n",
       "      <td>1</td>\n",
       "      <td>2</td>\n",
       "    </tr>\n",
       "    <tr>\n",
       "      <th>1</th>\n",
       "      <td>1</td>\n",
       "      <td>1</td>\n",
       "      <td>1</td>\n",
       "      <td>22</td>\n",
       "      <td>1</td>\n",
       "      <td>150773</td>\n",
       "      <td>1</td>\n",
       "      <td>2</td>\n",
       "    </tr>\n",
       "    <tr>\n",
       "      <th>2</th>\n",
       "      <td>2</td>\n",
       "      <td>0</td>\n",
       "      <td>0</td>\n",
       "      <td>49</td>\n",
       "      <td>1</td>\n",
       "      <td>89210</td>\n",
       "      <td>0</td>\n",
       "      <td>0</td>\n",
       "    </tr>\n",
       "    <tr>\n",
       "      <th>3</th>\n",
       "      <td>3</td>\n",
       "      <td>0</td>\n",
       "      <td>0</td>\n",
       "      <td>45</td>\n",
       "      <td>1</td>\n",
       "      <td>171565</td>\n",
       "      <td>1</td>\n",
       "      <td>1</td>\n",
       "    </tr>\n",
       "    <tr>\n",
       "      <th>4</th>\n",
       "      <td>4</td>\n",
       "      <td>0</td>\n",
       "      <td>0</td>\n",
       "      <td>53</td>\n",
       "      <td>1</td>\n",
       "      <td>149031</td>\n",
       "      <td>1</td>\n",
       "      <td>1</td>\n",
       "    </tr>\n",
       "    <tr>\n",
       "      <th>...</th>\n",
       "      <td>...</td>\n",
       "      <td>...</td>\n",
       "      <td>...</td>\n",
       "      <td>...</td>\n",
       "      <td>...</td>\n",
       "      <td>...</td>\n",
       "      <td>...</td>\n",
       "      <td>...</td>\n",
       "    </tr>\n",
       "    <tr>\n",
       "      <th>1995</th>\n",
       "      <td>1995</td>\n",
       "      <td>1</td>\n",
       "      <td>0</td>\n",
       "      <td>47</td>\n",
       "      <td>1</td>\n",
       "      <td>123525</td>\n",
       "      <td>0</td>\n",
       "      <td>0</td>\n",
       "    </tr>\n",
       "    <tr>\n",
       "      <th>1996</th>\n",
       "      <td>1996</td>\n",
       "      <td>1</td>\n",
       "      <td>1</td>\n",
       "      <td>27</td>\n",
       "      <td>1</td>\n",
       "      <td>117744</td>\n",
       "      <td>1</td>\n",
       "      <td>0</td>\n",
       "    </tr>\n",
       "    <tr>\n",
       "      <th>1997</th>\n",
       "      <td>1997</td>\n",
       "      <td>0</td>\n",
       "      <td>0</td>\n",
       "      <td>31</td>\n",
       "      <td>0</td>\n",
       "      <td>86400</td>\n",
       "      <td>0</td>\n",
       "      <td>0</td>\n",
       "    </tr>\n",
       "    <tr>\n",
       "      <th>1998</th>\n",
       "      <td>1998</td>\n",
       "      <td>1</td>\n",
       "      <td>1</td>\n",
       "      <td>24</td>\n",
       "      <td>1</td>\n",
       "      <td>97968</td>\n",
       "      <td>0</td>\n",
       "      <td>0</td>\n",
       "    </tr>\n",
       "    <tr>\n",
       "      <th>1999</th>\n",
       "      <td>1999</td>\n",
       "      <td>0</td>\n",
       "      <td>0</td>\n",
       "      <td>25</td>\n",
       "      <td>0</td>\n",
       "      <td>68416</td>\n",
       "      <td>0</td>\n",
       "      <td>0</td>\n",
       "    </tr>\n",
       "  </tbody>\n",
       "</table>\n",
       "<p>2000 rows × 8 columns</p>\n",
       "</div>"
      ],
      "text/plain": [
       "      Index  Gender  Marital status  Age  Education  Income  Occupation  \\\n",
       "0         0       0               0   67          2  124670           1   \n",
       "1         1       1               1   22          1  150773           1   \n",
       "2         2       0               0   49          1   89210           0   \n",
       "3         3       0               0   45          1  171565           1   \n",
       "4         4       0               0   53          1  149031           1   \n",
       "...     ...     ...             ...  ...        ...     ...         ...   \n",
       "1995   1995       1               0   47          1  123525           0   \n",
       "1996   1996       1               1   27          1  117744           1   \n",
       "1997   1997       0               0   31          0   86400           0   \n",
       "1998   1998       1               1   24          1   97968           0   \n",
       "1999   1999       0               0   25          0   68416           0   \n",
       "\n",
       "      Settlement size  \n",
       "0                   2  \n",
       "1                   2  \n",
       "2                   0  \n",
       "3                   1  \n",
       "4                   1  \n",
       "...               ...  \n",
       "1995                0  \n",
       "1996                0  \n",
       "1997                0  \n",
       "1998                0  \n",
       "1999                0  \n",
       "\n",
       "[2000 rows x 8 columns]"
      ]
     },
     "execution_count": 45,
     "metadata": {},
     "output_type": "execute_result"
    }
   ],
   "source": [
    "data = pd.read_csv('SMAI-Dataset-customer-dataset/data.csv')\n",
    "data"
   ]
  },
  {
   "cell_type": "markdown",
   "metadata": {},
   "source": [
    "### Define GMM Class"
   ]
  },
  {
   "cell_type": "code",
   "execution_count": 238,
   "metadata": {},
   "outputs": [],
   "source": [
    "class GaussianMixtureModel:\n",
    "    def __init__(self, number_of_clusters, number_of_iterations, learning_rate):\n",
    "        self.number_of_clusters = number_of_clusters\n",
    "        self.iterations = number_of_iterations\n",
    "        self.learning_rate = learning_rate\n",
    "        self.weights = None\n",
    "        self.mean = None\n",
    "        self.covariance = None\n",
    "        self.variance = None\n",
    "        self.membership = None\n",
    "        self.bic = None\n",
    "        self.aic = None\n",
    "\n",
    "    def fit(self, data):\n",
    "\n",
    "        # Initialize the GMM parameters only once\n",
    "        total_samples, total_features = data.shape\n",
    "        self.weights = np.ones(self.number_of_clusters) / self.number_of_clusters\n",
    "        random_row = np.random.randint(low=0, high=len(data), size=self.number_of_clusters)\n",
    "        self.mean = np.array(data.sample(self.number_of_clusters, random_state=42))\n",
    "        self.covariance = [np.cov(data.T) for _ in range(self.number_of_clusters)]\n",
    "\n",
    "\n",
    "        previous_log_likelihood = None\n",
    "\n",
    "        #Run the following iteration until convergence\n",
    "        for iteration in range(self.iterations):\n",
    "            responsibilities, membership = self.expectation_step(data)\n",
    "            self.maximization_step(data, responsibilities)\n",
    "\n",
    "            log_likelihood = self.log_likelihood(data)\n",
    "\n",
    "            if previous_log_likelihood is not None and abs(log_likelihood - previous_log_likelihood) < self.learning_rate:\n",
    "                break\n",
    "            \n",
    "            previous_log_likelihood = log_likelihood\n",
    "\n",
    "        k = self.number_of_clusters * (total_features + 1) + total_features * total_features  # Parameters in GMM\n",
    "        self.bic = -2 * log_likelihood + k * np.log(total_samples)\n",
    "        self.aic = -2 * log_likelihood + 2 * k\n",
    "        #print(self.bic, self.aic)\n",
    "\n",
    "\n",
    "        #print(f'Responsibilites/Likelihood of Data Samples: {responsibilities}')\n",
    "\n",
    "\n",
    "    def log_likelihood(self, data):\n",
    "\n",
    "        log_likelihood = 0\n",
    "\n",
    "        for i in range(self.number_of_clusters):\n",
    "            prob_log = multivariate_normal(self.mean[i], self.covariance[i], allow_singular=True).pdf(data)\n",
    "            log_likelihood += self.weights[i] * prob_log\n",
    "\n",
    "        return np.sum(log_likelihood)\n",
    "\n",
    "    def expectation_step(self, data):\n",
    "        responsibilities = np.zeros((len(data), self.number_of_clusters))\n",
    "        for i in range(self.number_of_clusters):\n",
    "            # Calculate the Gaussian probability for each component\n",
    "            \n",
    "\n",
    "            distribution = multivariate_normal(mean=self.mean[i], cov=self.covariance[i], allow_singular=True)\n",
    "            responsibilities[:, i] = self.weights[i] * distribution.pdf(data)\n",
    "            \n",
    "        self.membership = np.argmax(responsibilities, axis=1)\n",
    "        # Normalize the responsibilities\n",
    "        responsibilities /= responsibilities.sum(axis=1, keepdims=True)\n",
    "\n",
    "        return responsibilities, self.membership\n",
    "\n",
    "    def maximization_step(self, data, responsibilities):\n",
    "        total_responsibilities = responsibilities.sum(axis=0)\n",
    "        self.weights = total_responsibilities / len(data)\n",
    "\n",
    "        for i in range(self.number_of_clusters):\n",
    "            # New mean Value\n",
    "            self.mean[i] = np.dot(responsibilities[:, i], data) / total_responsibilities[i]\n",
    "\n",
    "            # New covariance value\n",
    "            diff = data - self.mean[i]\n",
    "            self.covariance[i] = np.dot(responsibilities[:, i] * diff.T, diff) / total_responsibilities[i]\n",
    "\n",
    "    def parameters(self):\n",
    "        return {\n",
    "            \"weights\": self.weights,\n",
    "            \"means\": self.mean,\n",
    "            \"covariances\": self.covariance,\n",
    "            \"membership\": self.membership,\n",
    "            \"bic\": self.bic,\n",
    "            \"aic\": self.aic\n",
    "        }\n",
    "    "
   ]
  },
  {
   "cell_type": "markdown",
   "metadata": {},
   "source": [
    "**Initialize and then fit the data to the model**"
   ]
  },
  {
   "cell_type": "code",
   "execution_count": 71,
   "metadata": {},
   "outputs": [],
   "source": [
    "number_of_clusters = int(input(\"Enter the number of clusters or gaussian mixtures:\\n\"))\n",
    "number_of_iterations = int(input(\"Enter maximum number of iterations\"))"
   ]
  },
  {
   "cell_type": "code",
   "execution_count": 226,
   "metadata": {},
   "outputs": [],
   "source": [
    "gmm = GaussianMixtureModel(number_of_clusters, number_of_iterations, 1e-4)"
   ]
  },
  {
   "cell_type": "code",
   "execution_count": 227,
   "metadata": {},
   "outputs": [
    {
     "name": "stdout",
     "output_type": "stream",
     "text": [
      "Responsibilites/Likelihood of Data Samples: [[1.66093199e-03 1.67414102e-03 8.59976395e-01 2.76606054e-10\n",
      "  1.36688532e-01]\n",
      " [1.11703460e-04 8.58955365e-01 8.12485008e-02 5.93618255e-02\n",
      "  3.22605646e-04]\n",
      " [1.00368995e-02 3.35455853e-01 6.50298468e-01 1.44266566e-07\n",
      "  4.20863467e-03]\n",
      " ...\n",
      " [4.80670586e-01 5.79659883e-02 4.28226424e-01 2.29751474e-02\n",
      "  1.01618543e-02]\n",
      " [3.11251787e-01 8.25311961e-02 5.96553413e-01 9.00595269e-03\n",
      "  6.57651567e-04]\n",
      " [3.49495009e-01 7.34422669e-02 5.32513318e-01 3.70496875e-02\n",
      "  7.49971827e-03]]\n"
     ]
    }
   ],
   "source": [
    "gmm.fit(data)"
   ]
  },
  {
   "cell_type": "code",
   "execution_count": 228,
   "metadata": {},
   "outputs": [
    {
     "name": "stdout",
     "output_type": "stream",
     "text": [
      "Weights: [0.11059305 0.3217842  0.4577654  0.06509646 0.0447609 ]\n",
      "\n",
      "Mean:\n",
      " [[  1604      0      0     33      0  91400      0      0]\n",
      " [   653      0      0     31      0 131137      0      0]\n",
      " [  1122      0      0     39      1 120978      0      0]\n",
      " [   817      0      0     28      0 116226      1      1]\n",
      " [   993      0      0     43      1 127392      1      1]]\n",
      "\n",
      "Covariance Matrices\n",
      ": [array([[ 1.17634383e+05,  2.17198834e+01, -1.47252196e+00,\n",
      "        -5.98190348e+02, -3.52523437e+01, -7.22952081e+05,\n",
      "        -1.82387451e+01, -4.24829923e+01],\n",
      "       [ 2.17198834e+01,  6.59480134e-01,  4.92078803e-01,\n",
      "        -9.94801060e-01,  6.90168843e-01, -8.23098075e+02,\n",
      "         2.57931879e-01,  8.04151176e-02],\n",
      "       [-1.47252196e+00,  4.92078803e-01,  5.53982168e-01,\n",
      "        -1.60245788e+00,  5.90653032e-01, -6.01180255e+01,\n",
      "         2.57130144e-01,  8.58042636e-02],\n",
      "       [-5.98190348e+02, -9.94801060e-01, -1.60245788e+00,\n",
      "         8.25120680e+01,  2.14376401e+00,  3.06135695e+04,\n",
      "        -4.13962423e-01,  1.50637062e-01],\n",
      "       [-3.52523437e+01,  6.90168843e-01,  5.90653032e-01,\n",
      "         2.14376401e+00,  1.10934287e+00,  1.21257123e+03,\n",
      "         3.62695302e-01,  1.32925332e-01],\n",
      "       [-7.22952081e+05, -8.23098075e+02, -6.01180255e+01,\n",
      "         3.06135695e+04,  1.21257123e+03,  4.08793923e+08,\n",
      "         6.57018274e+03,  2.79807092e+03],\n",
      "       [-1.82387451e+01,  2.57931879e-01,  2.57130144e-01,\n",
      "        -4.13962423e-01,  3.62695302e-01,  6.57018274e+03,\n",
      "         3.57522267e-01,  1.02435070e-01],\n",
      "       [-4.24829923e+01,  8.04151176e-02,  8.58042636e-02,\n",
      "         1.50637062e-01,  1.32925332e-01,  2.79807092e+03,\n",
      "         1.02435070e-01,  1.23952193e-01]]), array([[ 2.36180283e+05,  5.57072908e+01,  1.83931699e+01,\n",
      "        -1.60840147e+02,  2.56059233e+01, -2.57316002e+06,\n",
      "        -4.26516197e+01, -6.79221703e+01],\n",
      "       [ 5.57072908e+01,  4.05177777e-01,  3.71251827e-01,\n",
      "        -4.45934694e-01,  4.52775451e-01, -2.95052995e+03,\n",
      "         3.30476027e-01,  2.54410745e-01],\n",
      "       [ 1.83931699e+01,  3.71251827e-01,  5.17946613e-01,\n",
      "        -4.04372800e-01,  5.96013052e-01, -1.93983689e+03,\n",
      "         4.61562006e-01,  3.68161270e-01],\n",
      "       [-1.60840147e+02, -4.45934694e-01, -4.04372800e-01,\n",
      "         6.30603653e+01,  2.84266743e+00,  1.32114578e+05,\n",
      "         1.80332150e+00,  1.52658471e+00],\n",
      "       [ 2.56059233e+01,  4.52775451e-01,  5.96013052e-01,\n",
      "         2.84266743e+00,  1.05772946e+00,  4.43581699e+03,\n",
      "         8.31028271e-01,  7.00633164e-01],\n",
      "       [-2.57316002e+06, -2.95052995e+03, -1.93983689e+03,\n",
      "         1.32114578e+05,  4.43581699e+03,  2.09779171e+09,\n",
      "         2.06042595e+04,  1.82208066e+04],\n",
      "       [-4.26516197e+01,  3.30476027e-01,  4.61562006e-01,\n",
      "         1.80332150e+00,  8.31028271e-01,  2.06042595e+04,\n",
      "         1.27779224e+00,  1.05111696e+00],\n",
      "       [-6.79221703e+01,  2.54410745e-01,  3.68161270e-01,\n",
      "         1.52658471e+00,  7.00633164e-01,  1.82208066e+04,\n",
      "         1.05111696e+00,  1.34126663e+00]]), array([[ 2.86876251e+05,  9.89543283e+01,  2.61211432e+01,\n",
      "        -2.21228044e+03, -6.77977058e+01, -5.49630255e+06,\n",
      "        -8.91186240e+01, -1.58149281e+02],\n",
      "       [ 9.89543283e+01,  4.83508399e-01,  3.67832826e-01,\n",
      "        -8.73281166e-01,  1.57262660e-01, -3.36758110e+03,\n",
      "         3.06827053e-01,  1.90865283e-01],\n",
      "       [ 2.61211432e+01,  3.67832826e-01,  4.95065882e-01,\n",
      "        -7.50820954e-01,  2.14854508e-01, -8.92660950e+02,\n",
      "         3.78330435e-01,  3.05871737e-01],\n",
      "       [-2.21228044e+03, -8.73281166e-01, -7.50820954e-01,\n",
      "         1.77583388e+02,  6.23541249e+00,  2.13711574e+05,\n",
      "         1.81955928e+00,  2.45062183e+00],\n",
      "       [-6.77977058e+01,  1.57262660e-01,  2.14854508e-01,\n",
      "         6.23541249e+00,  4.60193868e-01,  8.24756293e+03,\n",
      "         2.07587024e-01,  2.01500861e-01],\n",
      "       [-5.49630255e+06, -3.36758110e+03, -8.92660950e+02,\n",
      "         2.13711574e+05,  8.24756293e+03,  1.19006769e+09,\n",
      "         1.47751788e+04,  1.35384691e+04],\n",
      "       [-8.91186240e+01,  3.06827053e-01,  3.78330435e-01,\n",
      "         1.81955928e+00,  2.07587024e-01,  1.47751788e+04,\n",
      "         1.05446664e+00,  8.55619289e-01],\n",
      "       [-1.58149281e+02,  1.90865283e-01,  3.05871737e-01,\n",
      "         2.45062183e+00,  2.01500861e-01,  1.35384691e+04,\n",
      "         8.55619289e-01,  1.15768369e+00]]), array([[ 2.60560281e+05,  7.33192255e+01,  3.64208015e+01,\n",
      "         4.25100808e+01,  5.13769763e+01, -1.64631178e+06,\n",
      "        -3.63057319e+01, -2.01417600e+02],\n",
      "       [ 7.33192255e+01,  3.87866069e-01,  3.41556704e-01,\n",
      "        -7.33247605e-01,  3.75937982e-01, -1.94186058e+03,\n",
      "        -9.63637283e-03,  1.11669177e-01],\n",
      "       [ 3.64208015e+01,  3.41556704e-01,  5.13412635e-01,\n",
      "        -8.47647216e-01,  5.22591343e-01, -1.89039566e+03,\n",
      "         6.63391252e-03,  2.21939110e-01],\n",
      "       [ 4.25100808e+01, -7.33247605e-01, -8.47647216e-01,\n",
      "         2.40369088e+01,  2.99056379e-01,  4.26682086e+04,\n",
      "         4.94592271e-01,  3.25628278e-01],\n",
      "       [ 5.13769763e+01,  3.75937982e-01,  5.22591343e-01,\n",
      "         2.99056379e-01,  7.14685627e-01,  5.86656315e+02,\n",
      "         3.88922193e-02,  2.86917058e-01],\n",
      "       [-1.64631178e+06, -1.94186058e+03, -1.89039566e+03,\n",
      "         4.26682086e+04,  5.86656315e+02,  4.35923511e+08,\n",
      "         4.70546094e+03,  4.43974645e+03],\n",
      "       [-3.63057319e+01, -9.63637283e-03,  6.63391252e-03,\n",
      "         4.94592271e-01,  3.88922193e-02,  4.70546094e+03,\n",
      "         1.25449983e-01,  1.05562254e-01],\n",
      "       [-2.01417600e+02,  1.11669177e-01,  2.21939110e-01,\n",
      "         3.25628278e-01,  2.86917058e-01,  4.43974645e+03,\n",
      "         1.05562254e-01,  5.90930817e-01]]), array([[ 1.77722558e+05,  5.89864888e+01,  1.12055031e+01,\n",
      "        -6.40203682e+02, -1.08597824e+01, -1.86578625e+06,\n",
      "        -3.48162528e+01, -1.17797283e+02],\n",
      "       [ 5.89864888e+01,  1.58713408e-01,  7.82214698e-02,\n",
      "        -1.09551765e+00,  1.28892591e-02, -2.20984208e+03,\n",
      "        -2.34090725e-02, -3.91493784e-02],\n",
      "       [ 1.12055031e+01,  7.82214698e-02,  1.90367380e-01,\n",
      "        -9.56044082e-01,  6.41955402e-02, -5.95817414e+02,\n",
      "         1.07024163e-02,  7.00357068e-02],\n",
      "       [-6.40203682e+02, -1.09551765e+00, -9.56044082e-01,\n",
      "         1.41495208e+02,  4.71361861e+00,  1.26735135e+05,\n",
      "         4.88678672e-01,  1.93099756e+00],\n",
      "       [-1.08597824e+01,  1.28892591e-02,  6.41955402e-02,\n",
      "         4.71361861e+00,  2.84947167e-01,  4.31282692e+03,\n",
      "         3.21690982e-02,  1.22130877e-01],\n",
      "       [-1.86578625e+06, -2.20984208e+03, -5.95817414e+02,\n",
      "         1.26735135e+05,  4.31282692e+03,  5.56063525e+08,\n",
      "         5.94215639e+03,  6.22387027e+03],\n",
      "       [-3.48162528e+01, -2.34090725e-02,  1.07024163e-02,\n",
      "         4.88678672e-01,  3.21690982e-02,  5.94215639e+03,\n",
      "         1.89858964e-01,  1.36569304e-01],\n",
      "       [-1.17797283e+02, -3.91493784e-02,  7.00357068e-02,\n",
      "         1.93099756e+00,  1.22130877e-01,  6.22387027e+03,\n",
      "         1.36569304e-01,  5.39323299e-01]])]\n",
      "\n",
      "membership of data samples: [2 1 2 ... 0 2 2]\n",
      "\n",
      "bic: 828.498368061114\n",
      "\n",
      "aic: 217.99999997102702\n"
     ]
    }
   ],
   "source": [
    "parameters = gmm.parameters()\n",
    "print(f'Weights: {parameters[\"weights\"]}\\n\\nMean:\\n {parameters[\"means\"]}\\n\\nCovariance Matrices\\n: {parameters[\"covariances\"]}\\n\\nmembership of data samples: {parameters[\"membership\"]}\\n\\nbic: {parameters[\"bic\"]}\\n\\naic: {parameters[\"aic\"]}')"
   ]
  },
  {
   "cell_type": "markdown",
   "metadata": {},
   "source": [
    "### Perform clustering on the wine-dataset using Gaussian Mixture Model (GMM) and K-Means algorithms. Find the optimal number of clusters for GMM using BIC (Bayesian Information Criterion) and AIC (Akaike Information Criterion). Reduce the dataset dimension to 2 using Principal Component Analysis (PCA), plot scatter plots for each of the clustering mentioned above, analyze your observations and report them. Also, compute the silhouette scores for each clustering and compare the results. You are free to use sklearn for the dataset, PCA, and Silhouette Score computation."
   ]
  },
  {
   "cell_type": "code",
   "execution_count": 185,
   "metadata": {},
   "outputs": [],
   "source": [
    "# Load the Wine dataset\n",
    "url = \"https://archive.ics.uci.edu/ml/machine-learning-databases/wine/wine.data\"\n",
    "column_names = [\"Class\", \"Alcohol\", \"Malic Acid\", \"Ash\", \"Alcalinity of Ash\", \"Magnesium\", \"Total Phenols\", \"Flavanoids\", \"Nonflavanoid Phenols\", \"Proanthocyanins\", \"Color Intensity\", \"Hue\", \"OD280/OD315 of diluted wines\", \"Proline\"]\n",
    "wine_data = pd.read_csv(url, names=column_names)\n",
    "\n",
    "# Drop the 'Class' column as we won't be using it for clustering\n",
    "new_wine_data = wine_data.drop(\"Class\", axis=1)\n",
    "\n",
    "# Perform PCA to reduce dimension to 2\n",
    "from sklearn.decomposition import PCA\n",
    "pca = PCA(n_components=2)\n",
    "X_pca = pca.fit_transform(new_wine_data)"
   ]
  },
  {
   "cell_type": "markdown",
   "metadata": {},
   "source": [
    "**K-Means Clustering Class**"
   ]
  },
  {
   "cell_type": "code",
   "execution_count": 198,
   "metadata": {},
   "outputs": [],
   "source": [
    "class KMeans:\n",
    "    def __init__(self, new_wine_data, k ):\n",
    "        self.new_wine_data = new_wine_data\n",
    "        self.k = k\n",
    "\n",
    "    def initialize_means(self, new_wine_data, k):\n",
    "        indices = np.random.choice(len(new_wine_data), k, replace=False)\n",
    "        means = new_wine_data[indices]\n",
    "        return means\n",
    "\n",
    "    def assign_to_clusters(self, new_wine_data, means):\n",
    "        distances = np.linalg.norm(new_wine_data[:, np.newaxis] - means, axis=2)\n",
    "        cluster_assignments = np.argmin(distances, axis=1)\n",
    "        return cluster_assignments\n",
    "\n",
    "    def update_means(self, new_wine_data, cluster_assignments, k):\n",
    "        means = np.array([new_wine_data[cluster_assignments == i].mean(axis=0) for i in range(k)])\n",
    "        return means\n",
    "\n",
    "    def k_means(self, new_wine_data, k, max_iters=100):\n",
    "        means = self.initialize_means(new_wine_data, k)\n",
    "    \n",
    "        for i in range(max_iters):\n",
    "            # Assign data points to clusters\n",
    "            cluster_assignments = self.assign_to_clusters(new_wine_data, means)\n",
    "        \n",
    "            # Update centroids\n",
    "            new_means = self.update_means(new_wine_data, cluster_assignments, k)\n",
    "        \n",
    "            # Check for convergence\n",
    "            if np.all(means == new_means):\n",
    "                break\n",
    "        \n",
    "            means = new_means\n",
    "    \n",
    "        return means, cluster_assignments"
   ]
  },
  {
   "cell_type": "markdown",
   "metadata": {},
   "source": [
    "##### GMM and K-Means for Wine Data Set"
   ]
  },
  {
   "cell_type": "code",
   "execution_count": 263,
   "metadata": {},
   "outputs": [
    {
     "name": "stdout",
     "output_type": "stream",
     "text": [
      "Weights: [0.16655487 0.18627665 0.28382372 0.22204715 0.14129762]\n",
      "\n",
      "Mean:\n",
      " [[1.29548364e+01 2.45054745e+00 2.43990920e+00 1.87050016e+01\n",
      "  1.11092912e+02 2.31230588e+00 2.27653768e+00 2.71717955e-01\n",
      "  1.65302107e+00 5.21907251e+00 9.31575798e-01 2.69447213e+00\n",
      "  6.92986456e+02]\n",
      " [1.32990263e+01 3.20186650e+00 2.33927147e+00 1.93754883e+01\n",
      "  1.00441191e+02 2.46599870e+00 2.16252990e+00 3.73881365e-01\n",
      "  1.54909268e+00 4.94594020e+00 8.88638040e-01 2.75510867e+00\n",
      "  7.88074671e+02]\n",
      " [1.28637570e+01 2.42369898e+00 2.44106018e+00 2.02451417e+01\n",
      "  9.62873665e+01 2.01275744e+00 1.37079221e+00 4.62559003e-01\n",
      "  1.34332490e+00 5.30285351e+00 8.55240013e-01 2.32310909e+00\n",
      "  6.49172637e+02]\n",
      " [1.32135488e+01 1.78453692e+00 2.41669138e+00 1.94079348e+01\n",
      "  1.01736642e+02 2.64666142e+00 2.69063025e+00 3.10621836e-01\n",
      "  2.02284154e+00 4.98257959e+00 1.09188862e+00 2.70943744e+00\n",
      "  9.79229600e+02]\n",
      " [1.26014771e+01 1.75240151e+00 2.08734053e+00 1.92133866e+01\n",
      "  8.92420547e+01 2.06427165e+00 1.84548256e+00 3.30470602e-01\n",
      "  1.39129533e+00 4.64318939e+00 1.07270233e+00 2.75106704e+00\n",
      "  5.87323069e+02]]\n",
      "\n",
      "Covariance Matrices\n",
      ": [array([[ 6.59537614e-01,  4.41133516e-02,  1.05493481e-02,\n",
      "        -1.33391779e+00,  1.73627857e+00,  1.16745027e-01,\n",
      "         1.45933218e-01, -7.47308781e-03,  9.39478601e-03,\n",
      "         7.63822993e-01, -1.34359969e-02,  1.11909491e-01,\n",
      "         1.41716628e+02],\n",
      "       [ 4.41133516e-02,  1.02483635e+00,  8.55574025e-02,\n",
      "         1.38068261e+00, -3.70920376e+00, -1.28639041e-01,\n",
      "        -2.22119161e-01, -1.34821761e-02, -8.22423333e-02,\n",
      "         8.26447136e-01, -1.24840638e-01, -1.85633650e-01,\n",
      "        -6.71815666e+01],\n",
      "       [ 1.05493481e-02,  8.55574025e-02,  8.49009303e-02,\n",
      "         5.73617695e-01, -2.81736062e-01,  3.29017758e-02,\n",
      "         9.31811712e-02,  7.66480308e-03, -3.60729524e-02,\n",
      "         1.85673833e-01, -1.12221984e-02,  1.16860698e-02,\n",
      "         1.13767655e+00],\n",
      "       [-1.33391779e+00,  1.38068261e+00,  5.73617695e-01,\n",
      "         1.37156763e+01, -3.61140266e+00, -8.65092645e-01,\n",
      "        -6.22497708e-01,  8.91617570e-02, -5.81571160e-01,\n",
      "         2.87995822e+00, -3.84269006e-01, -1.41318392e+00,\n",
      "        -5.37812089e+02],\n",
      "       [ 1.73627857e+00, -3.70920376e+00, -2.81736062e-01,\n",
      "        -3.61140266e+00,  2.39995904e+02, -2.22365177e+00,\n",
      "        -2.51444666e+00, -2.43785941e-01,  1.69276831e+00,\n",
      "         4.31129324e+00,  3.33461516e-01, -1.28043569e+00,\n",
      "         7.90588242e+02],\n",
      "       [ 1.16745027e-01, -1.28639041e-01,  3.29017758e-02,\n",
      "        -8.65092645e-01, -2.22365177e+00,  4.15859860e-01,\n",
      "         5.65709662e-01,  4.12742499e-03,  1.90709464e-01,\n",
      "        -3.81569316e-01,  5.92965027e-02,  5.05064788e-01,\n",
      "         5.77626804e+01],\n",
      "       [ 1.45933218e-01, -2.22119161e-01,  9.31811712e-02,\n",
      "        -6.22497708e-01, -2.51444666e+00,  5.65709662e-01,\n",
      "         9.71180208e-01,  2.12823619e-02,  2.69589184e-01,\n",
      "        -3.07699371e-01,  5.98057321e-02,  6.97499134e-01,\n",
      "         7.49772298e+01],\n",
      "       [-7.47308781e-03, -1.34821761e-02,  7.66480308e-03,\n",
      "         8.91617570e-02, -2.43785941e-01,  4.12742499e-03,\n",
      "         2.12823619e-02,  8.12773653e-03, -1.98878363e-03,\n",
      "         3.13171574e-02,  2.49684565e-03, -3.27004330e-04,\n",
      "        -1.79619417e+00],\n",
      "       [ 9.39478601e-03, -8.22423333e-02, -3.60729524e-02,\n",
      "        -5.81571160e-01,  1.69276831e+00,  1.90709464e-01,\n",
      "         2.69589184e-01, -1.98878363e-03,  3.09946119e-01,\n",
      "        -3.94543622e-01,  4.00436550e-02,  3.40057588e-01,\n",
      "         2.44238922e+01],\n",
      "       [ 7.63822993e-01,  8.26447136e-01,  1.85673833e-01,\n",
      "         2.87995822e+00,  4.31129324e+00, -3.81569316e-01,\n",
      "        -3.07699371e-01,  3.13171574e-02, -3.94543622e-01,\n",
      "         5.00275111e+00, -3.07139303e-01, -8.22836486e-01,\n",
      "         8.02764092e+01],\n",
      "       [-1.34359969e-02, -1.24840638e-01, -1.12221984e-02,\n",
      "        -3.84269006e-01,  3.33461516e-01,  5.92965027e-02,\n",
      "         5.98057321e-02,  2.49684565e-03,  4.00436550e-02,\n",
      "        -3.07139303e-01,  4.95047912e-02,  1.04078145e-01,\n",
      "         1.18781505e+01],\n",
      "       [ 1.11909491e-01, -1.85633650e-01,  1.16860698e-02,\n",
      "        -1.41318392e+00, -1.28043569e+00,  5.05064788e-01,\n",
      "         6.97499134e-01, -3.27004330e-04,  3.40057588e-01,\n",
      "        -8.22836486e-01,  1.04078145e-01,  7.81284170e-01,\n",
      "         8.17702554e+01],\n",
      "       [ 1.41716628e+02, -6.71815666e+01,  1.13767655e+00,\n",
      "        -5.37812089e+02,  7.90588242e+02,  5.77626804e+01,\n",
      "         7.49772298e+01, -1.79619417e+00,  2.44238922e+01,\n",
      "         8.02764092e+01,  1.18781505e+01,  8.17702554e+01,\n",
      "         6.46350319e+04]]), array([[ 5.33823023e-01, -1.68244966e-01,  2.95141053e-02,\n",
      "        -1.30520720e+00,  4.85142036e+00,  1.70727568e-01,\n",
      "         2.04526756e-01, -2.47487221e-02,  5.33779842e-02,\n",
      "         8.95941315e-01,  2.39397301e-02,  8.26662807e-02,\n",
      "         1.80849452e+02],\n",
      "       [-1.68244966e-01,  1.98071485e+00,  1.28929243e-02,\n",
      "         2.39925658e+00, -8.99323145e+00, -5.88841180e-01,\n",
      "        -9.80503557e-01,  8.80138539e-02, -2.37518225e-01,\n",
      "        -1.34977696e-03, -1.44779978e-01, -6.12070510e-01,\n",
      "        -2.32078223e+02],\n",
      "       [ 2.95141053e-02,  1.28929243e-02,  3.89226320e-02,\n",
      "         1.47999650e-01,  1.24751249e+00,  1.79126290e-02,\n",
      "         1.20914111e-03,  7.51365125e-03, -7.72204684e-03,\n",
      "         9.95626144e-02,  8.80327505e-03,  2.92667384e-03,\n",
      "         2.26133124e+01],\n",
      "       [-1.30520720e+00,  2.39925658e+00,  1.47999650e-01,\n",
      "         8.75162912e+00, -1.37208478e+01, -1.13895463e+00,\n",
      "        -1.69848931e+00,  2.06183742e-01, -4.03739658e-01,\n",
      "        -1.88555963e+00, -1.44843850e-01, -9.22303139e-01,\n",
      "        -6.89686591e+02],\n",
      "       [ 4.85142036e+00, -8.99323145e+00,  1.24751249e+00,\n",
      "        -1.37208478e+01,  1.73165101e+02,  4.42128427e+00,\n",
      "         5.61286365e+00, -3.18647453e-01,  1.71722185e+00,\n",
      "         1.20144237e+01,  1.10867641e+00,  3.54705558e+00,\n",
      "         3.05779757e+03],\n",
      "       [ 1.70727568e-01, -5.88841180e-01,  1.79126290e-02,\n",
      "        -1.13895463e+00,  4.42128427e+00,  4.46319588e-01,\n",
      "         6.25695233e-01, -4.76036072e-02,  1.98586889e-01,\n",
      "         6.57779234e-02,  6.79696143e-02,  3.81231492e-01,\n",
      "         1.39179656e+02],\n",
      "       [ 2.04526756e-01, -9.80503557e-01,  1.20914111e-03,\n",
      "        -1.69848931e+00,  5.61286365e+00,  6.25695233e-01,\n",
      "         1.01931686e+00, -8.52751036e-02,  3.07995585e-01,\n",
      "        -2.49440558e-01,  1.08027544e-01,  6.41210909e-01,\n",
      "         1.81771846e+02],\n",
      "       [-2.47487221e-02,  8.80138539e-02,  7.51365125e-03,\n",
      "         2.06183742e-01, -3.18647453e-01, -4.76036072e-02,\n",
      "        -8.52751036e-02,  1.24140377e-02, -2.34315930e-02,\n",
      "         3.33682831e-02, -6.02593864e-03, -5.86048767e-02,\n",
      "        -1.46203206e+01],\n",
      "       [ 5.33779842e-02, -2.37518225e-01, -7.72204684e-03,\n",
      "        -4.03739658e-01,  1.71722185e+00,  1.98586889e-01,\n",
      "         3.07995585e-01, -2.34315930e-02,  1.65427843e-01,\n",
      "         2.26236353e-03,  2.77839111e-02,  1.88752577e-01,\n",
      "         4.69070592e+01],\n",
      "       [ 8.95941315e-01, -1.34977696e-03,  9.95626144e-02,\n",
      "        -1.88555963e+00,  1.20144237e+01,  6.57779234e-02,\n",
      "        -2.49440558e-01,  3.33682831e-02,  2.26236353e-03,\n",
      "         4.04710020e+00, -9.71359203e-02, -4.46306016e-01,\n",
      "         3.76797840e+02],\n",
      "       [ 2.39397301e-02, -1.44779978e-01,  8.80327505e-03,\n",
      "        -1.44843850e-01,  1.10867641e+00,  6.79696143e-02,\n",
      "         1.08027544e-01, -6.02593864e-03,  2.77839111e-02,\n",
      "        -9.71359203e-02,  2.91300382e-02,  7.92943302e-02,\n",
      "         2.46848547e+01],\n",
      "       [ 8.26662807e-02, -6.12070510e-01,  2.92667384e-03,\n",
      "        -9.22303139e-01,  3.54705558e+00,  3.81231492e-01,\n",
      "         6.41210909e-01, -5.86048767e-02,  1.88752577e-01,\n",
      "        -4.46306016e-01,  7.92943302e-02,  4.84942545e-01,\n",
      "         9.88208752e+01],\n",
      "       [ 1.80849452e+02, -2.32078223e+02,  2.26133124e+01,\n",
      "        -6.89686591e+02,  3.05779757e+03,  1.39179656e+02,\n",
      "         1.81771846e+02, -1.46203206e+01,  4.69070592e+01,\n",
      "         3.76797840e+02,  2.46848547e+01,  9.88208752e+01,\n",
      "         1.16328009e+05]]), array([[ 5.62807988e-01,  2.11989477e-01,  3.27269967e-02,\n",
      "         8.32311499e-02,  1.72456772e+00,  2.87582675e-02,\n",
      "        -9.89466854e-02, -1.90762189e-03,  3.26791396e-02,\n",
      "         1.15570590e+00, -4.03714866e-02, -6.68403284e-02,\n",
      "         6.76797056e+01],\n",
      "       [ 2.11989477e-01,  1.08278879e+00,  2.84933624e-02,\n",
      "         9.77046498e-01,  6.73670145e-02, -2.33759978e-01,\n",
      "        -4.49109386e-01,  3.33838749e-02, -1.70363071e-01,\n",
      "         9.69451873e-01, -1.16951507e-01, -3.43621486e-01,\n",
      "        -8.70222136e+00],\n",
      "       [ 3.27269967e-02,  2.84933624e-02,  6.40037727e-02,\n",
      "         3.49547884e-01,  9.03460454e-01,  3.71042890e-02,\n",
      "         5.40867280e-02, -1.08474134e-03,  2.88192179e-02,\n",
      "         7.65309075e-02,  8.48335886e-03,  3.81818271e-02,\n",
      "         1.34618690e+01],\n",
      "       [ 8.32311499e-02,  9.77046498e-01,  3.49547884e-01,\n",
      "         7.05298981e+00, -2.34436364e-01, -1.04129470e-01,\n",
      "        -4.63326598e-01,  9.76457491e-02,  1.53773397e-01,\n",
      "         1.93226609e+00, -1.72202112e-01, -3.23880454e-01,\n",
      "        -1.20689429e+02],\n",
      "       [ 1.72456772e+00,  6.73670145e-02,  9.03460454e-01,\n",
      "        -2.34436364e-01,  9.44737353e+01,  8.15891335e-01,\n",
      "         8.50198965e-01, -5.89412032e-02, -1.99532324e-01,\n",
      "         2.04934353e+00,  3.40072524e-01,  2.29920490e-01,\n",
      "         6.88554531e+02],\n",
      "       [ 2.87582675e-02, -2.33759978e-01,  3.71042890e-02,\n",
      "        -1.04129470e-01,  8.15891335e-01,  2.17901098e-01,\n",
      "         2.76178284e-01, -2.36715537e-02,  1.22779024e-01,\n",
      "        -1.21690634e-01,  3.68614330e-02,  1.96566824e-01,\n",
      "         2.74030034e+01],\n",
      "       [-9.89466854e-02, -4.49109386e-01,  5.40867280e-02,\n",
      "        -4.63326598e-01,  8.50198965e-01,  2.76178284e-01,\n",
      "         6.44269619e-01, -5.34811005e-02,  2.38992115e-01,\n",
      "        -1.01697815e+00,  1.09322602e-01,  5.07118504e-01,\n",
      "         3.84971609e+01],\n",
      "       [-1.90762189e-03,  3.33838749e-02, -1.08474134e-03,\n",
      "         9.76457491e-02, -5.89412032e-02, -2.36715537e-02,\n",
      "        -5.34811005e-02,  1.28070126e-02, -2.25037770e-02,\n",
      "         9.21154987e-02, -6.19171667e-03, -5.40514109e-02,\n",
      "        -6.96885326e+00],\n",
      "       [ 3.26791396e-02, -1.70363071e-01,  2.88192179e-02,\n",
      "         1.53773397e-01, -1.99532324e-01,  1.22779024e-01,\n",
      "         2.38992115e-01, -2.25037770e-02,  2.77407911e-01,\n",
      "         2.17199129e-01, -1.27932765e-03,  1.66032070e-01,\n",
      "         1.61778394e+01],\n",
      "       [ 1.15570590e+00,  9.69451873e-01,  7.65309075e-02,\n",
      "         1.93226609e+00,  2.04934353e+00, -1.21690634e-01,\n",
      "        -1.01697815e+00,  9.21154987e-02,  2.17199129e-01,\n",
      "         6.81385882e+00, -3.95065508e-01, -1.09814163e+00,\n",
      "         6.86444383e+01],\n",
      "       [-4.03714866e-02, -1.16951507e-01,  8.48335886e-03,\n",
      "        -1.72202112e-01,  3.40072524e-01,  3.68614330e-02,\n",
      "         1.09322602e-01, -6.19171667e-03, -1.27932765e-03,\n",
      "        -3.95065508e-01,  4.40299971e-02,  9.42623903e-02,\n",
      "         5.98136331e+00],\n",
      "       [-6.68403284e-02, -3.43621486e-01,  3.81818271e-02,\n",
      "        -3.23880454e-01,  2.29920490e-01,  1.96566824e-01,\n",
      "         5.07118504e-01, -5.40514109e-02,  1.66032070e-01,\n",
      "        -1.09814163e+00,  9.42623903e-02,  5.31582459e-01,\n",
      "         3.32923359e+01],\n",
      "       [ 6.76797056e+01, -8.70222136e+00,  1.34618690e+01,\n",
      "        -1.20689429e+02,  6.88554531e+02,  2.74030034e+01,\n",
      "         3.84971609e+01, -6.96885326e+00,  1.61778394e+01,\n",
      "         6.86444383e+01,  5.98136331e+00,  3.32923359e+01,\n",
      "         3.71407217e+04]]), array([[ 6.93498440e-01, -5.03491706e-02,  6.42156965e-02,\n",
      "        -1.50543281e+00,  1.78993665e+00,  1.42834097e-01,\n",
